  3.000000000000000E-003  0.722556404154231     
  4.000000000000000E-003  0.722556384433182     
  5.000000000000000E-003  0.722556381186210     
  6.000000000000000E-003  0.722556378233568     
  7.000000000000000E-003  0.722556378233568     
  8.000000000000000E-003  0.722556378233568     
  8.999999999999999E-003  0.722556378233568     
  1.000000000000000E-002  0.722556378233568     
  1.100000000000000E-002  0.722556378233568     
  1.200000000000000E-002  0.722556378233568     
  1.300000000000000E-002  0.722556378233568     
  1.400000000000000E-002  0.722556378233568     
  1.500000000000000E-002  0.722556378233568     
  1.600000000000000E-002  0.722556378233568     
  1.700000000000000E-002  0.722556378233568     
  1.800000000000000E-002  0.722556378233568     
  1.900000000000000E-002  0.722556378233568     
  2.000000000000000E-002  0.722556378233568     
  2.100000000000000E-002  0.722556378233568     
  2.200000000000000E-002  0.722556378233568     
  2.300000000000000E-002  0.722556378233568     
  2.400000000000000E-002  0.722556378233568     
  2.500000000000000E-002  0.722556378233568     
  2.600000000000000E-002  0.722556378233568     
  2.700000000000000E-002  0.722556378233568     
  2.800000000000000E-002  0.722556378233568     
  2.900000000000000E-002  0.722556378233568     
  3.000000000000000E-002  0.722556378233568     
  3.100000000000000E-002  0.722556378233568     
  3.200000000000000E-002  0.722556378233568     
  3.300000000000000E-002  0.722556378233568     
  3.400000000000000E-002  0.722556378233568     
  3.500000000000000E-002  0.722556378233568     
  3.600000000000000E-002  0.722556378233568     
  3.700000000000000E-002  0.722556378233568     
  3.800000000000000E-002  0.722556378233568     
  3.900000000000000E-002  0.722556378233568     
  4.000000000000000E-002  0.722556378233568     
  4.100000000000000E-002  0.722556378233568     
  4.200000000000000E-002  0.722556378233568     
  4.300000000000000E-002  0.722556378233568     
  4.400000000000000E-002  0.722556378233568     
  4.500000000000000E-002  0.722556378233568     
  4.600000000000000E-002  0.722556378233568     
  4.700000000000000E-002  0.722556378233568     
  4.800000000000000E-002  0.722556378233568     
  4.900000000000000E-002  0.722556378233568     
  5.000000000000000E-002  0.722556378233568     
  5.100000000000000E-002  0.722556378233568     
  5.200000000000000E-002  0.722556385339508     
  5.300000000000000E-002  0.722556386905845     
  5.400000000000000E-002  0.722556388330197     
  5.500000000000000E-002  0.722556388330197     
  5.600000000000000E-002  0.722556392740275     
  5.700000000000000E-002  0.722556396750590     
  5.800000000000000E-002  0.722556403437969     
  5.900000000000000E-002  0.722556406478560     
  6.000000000000000E-002  0.722556414138994     
  6.100000000000000E-002  0.722556424219867     
  6.200000000000000E-002  0.722556433386930     
  6.300000000000000E-002  0.722556449733324     
  6.400000000000000E-002  0.722556467712792     
  6.500000000000000E-002  0.722556503406271     
  6.600000000000000E-002  0.722556512959155     
  6.700000000000000E-002  0.722556561532425     
  6.800000000000000E-002  0.722556584951748     
  6.900000000000001E-002  0.722556624049385     
  7.000000000000001E-002  0.722556673842880     
  7.099999999999999E-002  0.722556730247841     
  7.199999999999999E-002  0.722556803790074     
  7.300000000000000E-002  0.722556949272674     
  7.400000000000000E-002  0.722556988715813     
  7.500000000000000E-002  0.722557097122548     
  7.600000000000000E-002  0.722557315432327     
  7.700000000000000E-002  0.722557380865767     
  7.800000000000000E-002  0.722557670331354     
  7.900000000000000E-002  0.722557754765505     
  8.000000000000000E-002  0.722557963717959     
  8.100000000000000E-002  0.722558213803791     
  8.200000000000000E-002  0.722558504409134     
  8.300000000000000E-002  0.722548052603155     
  8.400000000000001E-002  0.722537043596400     
  8.500000000000001E-002  0.722540739179091     
  8.599999999999999E-002  0.722541702591641     
  8.699999999999999E-002  0.722542300526314     
  8.799999999999999E-002  0.722527364870534     
  8.900000000000000E-002  0.722525685689311     
  9.000000000000000E-002  0.722526367006893     
  9.100000000000000E-002  0.722511318397946     
  9.200000000000000E-002  0.722508588296150     
  9.300000000000000E-002  0.722494732745787     
  9.400000000000000E-002  0.722492667718723     
  9.500000000000000E-002  0.722478788302727     
  9.600000000000000E-002  0.722448554422633     
  9.700000000000000E-002  0.722467785786471     
  9.800000000000000E-002  0.722444223512733     
  9.900000000000000E-002  0.722418485995404     
  0.100000000000000       0.722412466231321     
  0.101000000000000       0.722397787181177     
  0.102000000000000       0.722368861718689     
  0.103000000000000       0.722348695789695     
  0.104000000000000       0.722332481093311     
  0.105000000000000       0.722301350344573     
  0.106000000000000       0.722268305879901     
  0.107000000000000       0.722229714288071     
  0.108000000000000       0.722196950100156     
  0.109000000000000       0.722164497374763     
  0.110000000000000       0.722132363969372     
  0.111000000000000       0.722082343901039     
  0.112000000000000       0.722032533789223     
  0.113000000000000       0.721983341335386     
  0.114000000000000       0.721916183642267     
  0.115000000000000       0.721867704974371     
  0.116000000000000       0.721801445796935     
  0.117000000000000       0.721717407861891     
  0.118000000000000       0.721633799066602     
  0.119000000000000       0.721550891151196     
  0.120000000000000       0.721468483644160     
  0.121000000000000       0.721368428876725     
  0.122000000000000       0.721268953734683     
  0.123000000000000       0.721152020774480     
  0.124000000000000       0.721017418414771     
  0.125000000000000       0.720883523516280     
  0.126000000000000       0.720750381848724     
  0.127000000000000       0.720599949177466     
  0.128000000000000       0.720432014624148     
  0.129000000000000       0.720246626708797     
  0.130000000000000       0.720062248740208     
  0.131000000000000       0.719860532475344     
  0.132000000000000       0.719641501281773     
  0.133000000000000       0.719405208037240     
  0.134000000000000       0.719151715140021     
  0.135000000000000       0.718881078200523     
  0.136000000000000       0.718574792418676     
  0.137000000000000       0.718269799106953     
  0.138000000000000       0.717929315153039     
  0.139000000000000       0.717571688569560     
  0.140000000000000       0.717178901331092     
  0.141000000000000       0.716750417373379     
  0.142000000000000       0.716303683472752     
  0.143000000000000       0.715823861809069     
  0.144000000000000       0.715307240801312     
  0.145000000000000       0.714736460434874     
  0.146000000000000       0.714148485521790     
  0.147000000000000       0.713487384686511     
  0.148000000000000       0.712790709099964     
  0.149000000000000       0.712038153687515     
  0.150000000000000       0.711231503337619     
  0.151000000000000       0.710349906911239     
  0.152000000000000       0.709411947148953     
  0.153000000000000       0.708398302165981     
  0.154000000000000       0.707291010288777     
  0.155000000000000       0.706100870402607     
  0.156000000000000       0.704800233852116     
  0.157000000000000       0.703383439372331     
  0.158000000000000       0.701869859029367     
  0.159000000000000       0.700230276167502     
  0.160000000000000       0.697701041486716     
  0.161000000000000       0.696079282316218     
  0.162000000000000       0.694151147701075     
  0.163000000000000       0.692340328721698     
  0.164000000000000       0.689909773676503     
  0.165000000000000       0.687328019292862     
  0.166000000000000       0.685645123003095     
  0.167000000000000       0.687059605000427     
  0.168000000000000       0.688561662910146     
  0.169000000000000       0.690141507640639     
  0.170000000000000       0.691560615269139     
  0.171000000000000       0.691560615269139     
  0.172000000000000       0.691655977079365     
  0.173000000000000       0.696064315640055     
  0.174000000000000       0.697567066959023     
  0.175000000000000       0.697931096085698     
  0.176000000000000       0.700440755587164     
  0.177000000000000       0.701860609389640     
  0.178000000000000       0.703239005584802     
  0.179000000000000       0.704597009267910     
  0.180000000000000       0.705905074998615     
  0.181000000000000       0.706958145990416     
  0.182000000000000       0.708497405092819     
  0.183000000000000       0.709650695327646     
  0.184000000000000       0.710835707356867     
  0.185000000000000       0.711993890642145     
  0.186000000000000       0.712991005902085     
  0.187000000000000       0.714187768341659     
  0.188000000000000       0.715243587264005     
  0.189000000000000       0.716234379146518     
  0.190000000000000       0.717215821070160     
  0.191000000000000       0.718206998050215     
  0.192000000000000       0.719159127979064     
  0.193000000000000       0.719981207025917     
  0.194000000000000       0.720841201610219     
  0.195000000000000       0.721671850523291     
  0.196000000000000       0.722481009575766     
  0.197000000000000       0.723262512878934     
  0.198000000000000       0.724037800049243     
  0.199000000000000       0.724767393314920     
  0.200000000000000       0.725469880991875     
  0.201000000000000       0.726167770835932     
  0.202000000000000       0.726839253744803     
  0.203000000000000       0.727459777632556     
  0.204000000000000       0.728090185086397     
  0.205000000000000       0.728706030218297     
  0.206000000000000       0.729305700224860     
  0.207000000000000       0.729924565855481     
  0.208000000000000       0.730471310575010     
  0.209000000000000       0.731041214054196     
  0.210000000000000       0.731606733691183     
  0.211000000000000       0.732166970967992     
  0.212000000000000       0.732730145646514     
  0.213000000000000       0.733292916010682     
  0.214000000000000       0.733864272575342     
  0.215000000000000       0.734446352001540     
  0.216000000000000       0.735051408728256     
  0.217000000000000       0.735643016884592     
  0.218000000000000       0.736288932014151     
  0.219000000000000       0.736949833668134     
  0.220000000000000       0.737637667890799     
  0.221000000000000       0.738357766446820     
  0.222000000000000       0.739114658726930     
  0.223000000000000       0.739906536448972     
  0.224000000000000       0.740737056521342     
  0.225000000000000       0.741607286657256     
  0.226000000000000       0.742518262872749     
  0.227000000000000       0.743466495650099     
  0.228000000000000       0.744452548770419     
  0.229000000000000       0.745474094115881     
  0.230000000000000       0.746527701514116     
  0.231000000000000       0.747612634762228     
  0.232000000000000       0.748724742852716     
  0.233000000000000       0.749862236251697     
  0.234000000000000       0.751022651407602     
  0.235000000000000       0.752201636985392     
  0.236000000000000       0.753397082968473     
  0.237000000000000       0.754607821206306     
  0.238000000000000       0.755831706784698     
  0.239000000000000       0.757064697691778     
  0.240000000000000       0.758308051655868     
  0.241000000000000       0.759558419878232     
  0.242000000000000       0.760814092962697     
  0.243000000000000       0.762074601892662     
  0.244000000000000       0.763339855059049     
  0.245000000000000       0.764607059602193     
  0.246000000000000       0.765874943519762     
  0.247000000000000       0.767144200940152     
  0.248000000000000       0.768415031136051     
  0.249000000000000       0.769683750524710     
  0.250000000000000       0.770953234994898     
  0.251000000000000       0.772219892365070     
  0.252000000000000       0.773486636584403     
  0.253000000000000       0.774749325569532     
  0.254000000000000       0.776011206142672     
  0.255000000000000       0.777269125650098     
  0.256000000000000       0.778525760945135     
  0.257000000000000       0.779779805619160     
  0.258000000000000       0.781028564607833     
  0.259000000000000       0.782275070762722     
  0.260000000000000       0.783516447421731     
  0.261000000000000       0.784755841082114     
  0.262000000000000       0.785990757639690     
  0.263000000000000       0.787220707520170     
  0.264000000000000       0.788447362005257     
  0.265000000000000       0.789671086172310     
  0.266000000000000       0.790888204959184     
  0.267000000000000       0.792102702079975     
  0.268000000000000       0.793313133197702     
  0.269000000000000       0.794518991662296     
  0.270000000000000       0.795721064425148     
  0.271000000000000       0.796917997821109     
  0.272000000000000       0.798111024769249     
  0.273000000000000       0.799299765652562     
  0.274000000000000       0.800484532682999     
  0.275000000000000       0.801663902330580     
  0.276000000000000       0.802838835642189     
  0.277000000000000       0.804010668064121     
  0.278000000000000       0.805176978615404     
  0.279000000000000       0.806338721966431     
  0.280000000000000       0.807497247171203     
  0.281000000000000       0.808649793455928     
  0.282000000000000       0.809799430006954     
  0.283000000000000       0.810944035059731     
  0.284000000000000       0.812083949476632     
  0.285000000000000       0.813219477315037     
  0.286000000000000       0.814351301394017     
  0.287000000000000       0.815478686666451     
  0.288000000000000       0.816600960323943     
  0.289000000000000       0.817719797468313     
  0.290000000000000       0.818833823788151     
  0.291000000000000       0.819944018183831     
  0.292000000000000       0.821049714836381     
  0.293000000000000       0.822151557289764     
  0.294000000000000       0.823248218233186     
  0.295000000000000       0.824341650527068     
  0.296000000000000       0.825431243468565     
  0.297000000000000       0.826515582639411     
  0.298000000000000       0.827596387973310     
  0.299000000000000       0.828672212252144     
  0.300000000000000       0.829744842927980     
  0.301000000000000       0.830813180100050     
  0.302000000000000       0.831877242916377     
  0.303000000000000       0.832937783164136     
  0.304000000000000       0.833993614440336     
  0.305000000000000       0.835046207567423     
  0.306000000000000       0.836094891167003     
  0.307000000000000       0.837138954728863     
  0.308000000000000       0.838179662516547     
  0.309000000000000       0.839215439193585     
  0.310000000000000       0.840247581491377     
  0.311000000000000       0.841276458725126     
  0.312000000000000       0.842301666695272     
  0.313000000000000       0.843322966572303     
  0.314000000000000       0.844340293862872     
  0.315000000000000       0.845353239792716     
  0.316000000000000       0.846362251051048     
  0.317000000000000       0.847368714304000     
  0.318000000000000       0.848371481271638     
  0.319000000000000       0.849369589149844     
  0.320000000000000       0.850363740739783     
  0.321000000000000       0.851355377327283     
  0.322000000000000       0.852343291259427     
  0.323000000000000       0.853325870400921     
  0.324000000000000       0.854307528243018     
  0.325000000000000       0.855283613924141     
  0.326000000000000       0.856255999349913     
  0.327000000000000       0.857225802209602     
  0.328000000000000       0.858191700827173     
  0.329000000000000       0.859153880917607     
  0.330000000000000       0.860113539529624     
  0.331000000000000       0.861069257106347     
  0.332000000000000       0.862021023893724     
  0.333000000000000       0.862969592581628     
  0.334000000000000       0.863914451734288     
  0.335000000000000       0.864855850553650     
  0.336000000000000       0.865794987289412     
  0.337000000000000       0.866730190464797     
  0.338000000000000       0.867661691637581     
  0.339000000000000       0.868590484755945     
  0.340000000000000       0.869515558479440     
  0.341000000000000       0.870436755308741     
  0.342000000000000       0.871355455027725     
  0.343000000000000       0.872270949843063     
  0.344000000000000       0.873182548970997     
  0.345000000000000       0.874091902422287     
  0.346000000000000       0.874997144504929     
  0.347000000000000       0.875899436379778     
  0.348000000000000       0.876799265151250     
  0.349000000000000       0.877695190783138     
  0.350000000000000       0.878588677590176     
  0.351000000000000       0.879478301180750     
  0.352000000000000       0.880364297101844     
