 0.003   0.0000000 0.54370 0.00000
 0.004   0.0000000 0.54370 0.00000
 0.005   0.0000000 0.54370 0.00000
 0.006   0.0000000 0.54370 0.00000
 0.007   0.0000000 0.54370 0.00000
 0.008   0.0000000 0.54370 0.00000
 0.009   0.0000000 0.54370 0.00000
 0.010   0.0000000 0.54370 0.00000
 0.011   0.0000000 0.54370 0.00000
 0.012   0.0000000 0.54370 0.00000
 0.013   0.0000000 0.54370 0.00000
 0.014   0.0000000 0.54370 0.00000
 0.015   0.0000000 0.54370 0.00000
 0.016   0.0000000 0.54370 0.00000
 0.017   0.0000000 0.54370 0.00000
 0.018   0.0000000 0.54370 0.00000
 0.019   0.0000000 0.54370 0.00000
 0.020   0.0000000 0.54370 0.00000
 0.021   0.0000000 0.54370 0.00000
 0.022   0.0000000 0.54370 0.00000
 0.023   0.0000000 0.54370 0.00000
 0.024   0.0000000 0.54370 0.00000
 0.025   0.0000000 0.54370 0.00000
 0.026   0.0000000 0.54370 0.00000
 0.027   0.0000000 0.54370 0.00000
 0.028   0.0000000 0.54370 0.00000
 0.029   0.0000000 0.54370 0.00000
 0.030   0.0000000 0.54370 0.00000
 0.031   0.0000000 0.54370 0.00000
 0.032   0.0000000 0.54370 0.00000
 0.033   0.0000000 0.54370 0.00000
 0.034   0.0000000 0.54370 0.00000
 0.035   0.0000000 0.54370 0.00000
 0.036   0.0000000 0.54370 0.00000
 0.037   0.0000000 0.54370 0.00000
 0.038   0.0000000 0.54370 0.00000
 0.039   0.0000000 0.54370 0.00000
 0.040   0.0000000 0.54370 0.00000
 0.041   0.0000000 0.54370 0.00000
 0.042   0.0000000 0.54370 0.00000
 0.043   0.0000000 0.54370 0.00000
 0.044   0.0000000 0.54370 0.00000
 0.045   0.0000000 0.54370 0.00000
 0.046   0.0000000 0.54370 0.00000
 0.047   0.0000000 0.54370 0.00000
 0.048   0.0000000 0.54370 0.00000
 0.049   0.0000000 0.54370 0.00000
 0.050   0.0000000 0.54370 0.00000
 0.051   0.0000000 0.54370 0.00000
 0.052   0.0000000 0.54370 0.00000
 0.053   0.0000000 0.54370 0.00000
 0.054   0.0000000 0.54370 0.00000
 0.055   0.0000000 0.54370 0.00000
 0.056   0.0000000 0.54370 0.00000
 0.057   0.0000000 0.54370 0.00000
 0.058   0.0000000 0.54370 0.00000
 0.059   0.0000000 0.54370 0.00000
 0.060   0.0000000 0.54370 0.00000
 0.061   0.0000000 0.54370 0.00000
 0.062   0.0000000 0.54370 0.00000
 0.063   0.0000000 0.54370 0.00000
 0.064   0.0000000 0.54370 0.00000
 0.065   0.0000000 0.54370 0.00000
 0.066   0.0000000 0.54370 0.00000
 0.067   0.0000000 0.54370 0.00000
 0.068   0.0000000 0.54370 0.00000
 0.069   0.0000000 0.54370 0.00000
 0.070   0.0000000 0.54370 0.00000
 0.071   0.0000000 0.54370 0.00000
 0.072   0.0000000 0.54370 0.00000
 0.073   0.0000000 0.54370 0.00000
 0.074   0.0000000 0.54370 0.00000
 0.075   0.0000000 0.54370 0.00000
 0.076   0.0000000 0.54370 0.00000
 0.077   0.0000000 0.54370 0.00000
 0.078   0.0000000 0.54370 0.00000
 0.079   0.0000000 0.54370 0.00000
 0.080   0.0000000 0.54370 0.00000
 0.081   0.0000000 0.54370 0.00000
 0.082   0.0000000 0.54370 0.00000
 0.083   0.0000000 0.54369 0.00000
 0.084   0.0000000 0.54369 0.00000
 0.085   0.0000000 0.54369 0.00000
 0.086   0.0000000 0.54369 0.00000
 0.087   0.0000000 0.54369 0.00000
 0.088   0.0000000 0.54369 0.00000
 0.089   0.0000000 0.54369 0.00000
 0.090   0.0000000 0.54369 0.00000
 0.091   0.0000000 0.54368 0.00000
 0.092   0.0000000 0.54368 0.00000
 0.093   0.0000000 0.54368 0.00000
 0.094   0.0000000 0.54368 0.00000
 0.095   0.0000000 0.54367 0.00000
 0.096   0.0000000 0.54367 0.00000
 0.097   0.0000000 0.54367 0.00000
 0.098   0.0000000 0.54366 0.00000
 0.099   0.0000000 0.54366 0.00000
 0.100   0.0000000 0.54365 0.00000
 0.101   0.0000000 0.54365 0.00000
 0.102   0.0000000 0.54364 0.00000
 0.103   0.0000000 0.54363 0.00000
 0.104   0.0000000 0.54362 0.00000
 0.105   0.0000000 0.54362 0.00000
 0.106   0.0000000 0.54361 0.00000
 0.107   0.0000000 0.54360 0.00000
 0.108   0.0000000 0.54359 0.00000
 0.109   0.0000000 0.54357 0.00000
 0.110   0.0000000 0.54356 0.00000
 0.111   0.0000000 0.54355 0.00000
 0.112   0.0000000 0.54353 0.00000
 0.113   0.0000000 0.54351 0.00000
 0.114   0.0000000 0.54349 0.00000
 0.115   0.0000000 0.54347 0.00000
 0.116   0.0000000 0.54345 0.00000
 0.117   0.0000000 0.54343 0.00000
 0.118   0.0000000 0.54340 0.00000
 0.119   0.0000000 0.54338 0.00000
 0.120   0.0000000 0.54334 0.00000
 0.121   0.0000000 0.54331 0.00000
 0.122   0.0000000 0.54328 0.00000
 0.123   0.0000000 0.54324 0.00000
 0.124   0.0000000 0.54320 0.00000
 0.125   0.0000000 0.54315 0.00000
 0.126   0.0000000 0.54311 0.00000
 0.127   0.0000000 0.54306 0.00000
 0.128   0.0000000 0.54300 0.00000
 0.129   0.0000000 0.54294 0.00000
 0.130   0.0000000 0.54288 0.00000
 0.131   0.0000000 0.54281 0.00000
 0.132   0.0000000 0.54274 0.00000
 0.133   0.0000000 0.54266 0.00000
 0.134   0.0000000 0.54257 0.00000
 0.135   0.0000000 0.54248 0.00000
 0.136   0.0000000 0.54238 0.00000
 0.137   0.0000000 0.54228 0.00000
 0.138   0.0000000 0.54217 0.00000
 0.139   0.0000000 0.54205 0.00000
 0.140   0.0000000 0.54192 0.00000
 0.141   0.0000000 0.54178 0.00000
 0.142   0.0000000 0.54163 0.00000
 0.143   0.0000000 0.54147 0.00000
 0.144   0.0000000 0.54129 0.00000
 0.145   0.0000000 0.54111 0.00000
 0.146   0.0000000 0.54091 0.00000
 0.147   0.0000000 0.54069 0.00000
 0.148   0.0000000 0.54046 0.00000
 0.149   0.0000000 0.54021 0.00000
 0.150   0.0000000 0.53995 0.00000
 0.151   0.0000000 0.53966 0.00000
 0.152   0.0000000 0.53935 0.00000
 0.153   0.0000000 0.53902 0.00000
 0.154   0.0000000 0.53867 0.00000
 0.155   0.0000000 0.53829 0.00000
 0.156   0.0000000 0.53788 0.00000
 0.157   0.0000000 0.53743 0.00000
 0.158   0.0000000 0.53696 0.00000
 0.159   0.0000000 0.53645 0.00000
 0.160   0.0000000 0.53590 0.00000
 0.161   0.0000000 0.53532 0.00000
 0.162   0.0000000 0.53469 0.00000
 0.163   0.0000000 0.53402 0.00000
 0.164   0.0000000 0.53330 0.00000
 0.165   0.0000000 0.53254 0.00000
 0.166   0.0000000 0.53173 0.00000
 0.167   0.0000000 0.53088 0.00000
 0.168   0.0000000 0.52997 0.00000
 0.169   0.0000000 0.52901 0.00000
 0.170   0.0000000 0.52801 0.00000
 0.171   0.0000000 0.52695 0.00000
 0.172   0.0000000 0.52585 0.00000
 0.173   0.0000000 0.52470 0.00000
 0.174   0.0000000 0.52351 0.00000
 0.175   0.0000000 0.52227 0.00000
 0.176   0.0000000 0.52100 0.00000
 0.177   0.0000000 0.51968 0.00000
 0.178   0.0000000 0.51832 0.00000
 0.179   0.0000000 0.51692 0.00000
 0.180   0.0000000 0.51549 0.00000
 0.181   0.0000000 0.51402 0.00000
 0.182   0.0000000 0.51251 0.00000
 0.183   0.0000000 0.51098 0.00000
 0.184   0.0000000 0.50941 0.00000
 0.185   0.0000000 0.50780 0.00000
 0.186   0.0000000 0.50617 0.00000
 0.187   0.0000000 0.50451 0.00000
 0.188   0.0000000 0.50281 0.00000
 0.189   0.0000000 0.50108 0.00000
 0.190   0.0000000 0.49933 0.00000
 0.191   0.0000000 0.49754 0.00000
 0.192   0.0000000 0.49572 0.00000
 0.193   0.0000000 0.49388 0.00000
 0.194   0.0000000 0.49201 0.00000
 0.195   0.0000000 0.49010 0.00000
 0.196   0.0000000 0.48817 0.00000
 0.197   0.0000000 0.48622 0.00000
 0.198   0.0000000 0.48423 0.00000
 0.199   0.0000000 0.48222 0.00000
 0.200   0.0000000 0.48018 0.00000
 0.201   0.0000000 0.47811 0.00000
 0.202   0.0000000 0.47603 0.00000
 0.203   0.0000000 0.47391 0.00000
 0.204   0.0000000 0.47178 0.00000
 0.205   0.0000000 0.46962 0.00000
 0.206   0.0000000 0.46745 0.00000
 0.207   0.0000000 0.46526 0.00000
 0.208   0.0000000 0.46305 0.00000
 0.209   0.0000000 0.46083 0.00000
 0.210   0.0000000 0.45860 0.00000
 0.211   0.0000000 0.45637 0.00000
 0.212   0.0000000 0.45413 0.00000
 0.213   0.0000000 0.45190 0.00000
 0.214   0.0000000 0.44967 0.00000
 0.215   0.0000000 0.44745 0.00000
 0.216   0.0000000 0.44526 0.00000
 0.217   0.0000000 0.44308 0.00000
 0.218   0.0000000 0.44094 0.00000
 0.219   0.0000000 0.43883 0.00000
 0.220   0.0000000 0.43676 0.00000
 0.221   0.0000000 0.43473 0.00000
 0.222   0.0000000 0.43276 0.00000
 0.223   0.0000000 0.43084 0.00000
 0.224   0.0000000 0.42899 0.00000
 0.225   0.0000000 0.42719 0.00000
 0.226   0.0000000 0.42545 0.00000
 0.227   0.0000000 0.42377 0.00000
 0.228   0.0000000 0.42215 0.00000
 0.229   0.0000000 0.42059 0.00000
 0.230   0.0000000 0.41909 0.00000
 0.231   0.0000000 0.41763 0.00000
 0.232   0.0000000 0.41623 0.00000
 0.233   0.0000000 0.41486 0.00000
 0.234   0.0000000 0.41354 0.00000
 0.235   0.0000000 0.41225 0.00000
 0.236   0.0000000 0.41100 0.00000
 0.237   0.0000000 0.40977 0.00000
 0.238   0.0000000 0.40857 0.00000
 0.239   0.0000000 0.40740 0.00000
 0.240   0.0000000 0.40624 0.00000
 0.241   0.0000000 0.40511 0.00000
 0.242   0.0000000 0.40399 0.00000
 0.243   0.0000000 0.40289 0.00000
 0.244   0.0000000 0.40180 0.00000
 0.245   0.0000000 0.40072 0.00000
 0.246   0.0000000 0.39965 0.00000
 0.247   0.0000000 0.39859 0.00000
 0.248   0.0000000 0.39754 0.00000
 0.249   0.0000000 0.39650 0.00000
 0.250   0.0000000 0.39547 0.00000
 0.251   0.0000000 0.39444 0.00000
 0.252   0.0000000 0.39342 0.00000
 0.253   0.0000000 0.39240 0.00000
 0.254   0.0000000 0.39139 0.00000
 0.255   0.0000000 0.39039 0.00000
 0.256   0.0000000 0.38938 0.00000
 0.257   0.0000000 0.38838 0.00000
 0.258   0.0000000 0.38739 0.00000
 0.259   0.0000000 0.38640 0.00000
 0.260   0.0000000 0.38541 0.00000
 0.261   0.0000000 0.38442 0.00000
 0.262   0.0000000 0.38344 0.00000
 0.263   0.0000000 0.38246 0.00000
 0.264   0.0000000 0.38148 0.00000
 0.265   0.0000000 0.38051 0.00000
 0.266   0.0000000 0.37954 0.00000
 0.267   0.0000000 0.37857 0.00000
 0.268   0.0000000 0.37760 0.00000
 0.269   0.0000000 0.37663 0.00000
 0.270   0.0000000 0.37567 0.00000
 0.271   0.0000000 0.37471 0.00000
 0.272   0.0000000 0.37375 0.00000
 0.273   0.0000000 0.37280 0.00000
 0.274   0.0000000 0.37184 0.00000
 0.275   0.0000000 0.37089 0.00000
 0.276   0.0000000 0.36994 0.00000
 0.277   0.0000000 0.36900 0.00000
 0.278   0.0000000 0.36805 0.00000
 0.279   0.0000000 0.36711 0.00000
 0.280   0.0000000 0.36617 0.00000
 0.281   0.0000000 0.36523 0.00000
 0.282   0.0000000 0.36430 0.00000
 0.283   0.0000000 0.36337 0.00000
 0.284   0.0000000 0.36244 0.00000
 0.285   0.0000000 0.36151 0.00000
 0.286   0.0000000 0.36058 0.00000
 0.287   0.0000000 0.35966 0.00000
 0.288   0.0000000 0.35874 0.00000
 0.289   0.0000000 0.35782 0.00000
 0.290   0.0000000 0.35691 0.00000
 0.291   0.0000000 0.35600 0.00000
 0.292   0.0000000 0.35509 0.00000
 0.293   0.0000000 0.35418 0.00000
 0.294   0.0000000 0.35328 0.00000
 0.295   0.0000000 0.35238 0.00000
 0.296   0.0000000 0.35148 0.00000
 0.297   0.0000000 0.35059 0.00000
 0.298   0.0000000 0.34970 0.00000
 0.299   0.0000000 0.34881 0.00000
 0.300   0.0000000 0.34792 0.00000
 0.301   0.0000000 0.34704 0.00000
 0.302   0.0000000 0.34616 0.00000
 0.303   0.0000000 0.34528 0.00000
 0.304   0.0000000 0.34441 0.00000
 0.305   0.0000000 0.34354 0.00000
 0.306   0.0000000 0.34267 0.00000
 0.307   0.0000000 0.34181 0.00000
 0.308   0.0000000 0.34095 0.00000
 0.309   0.0000000 0.34009 0.00000
 0.310   0.0000000 0.33924 0.00000
 0.311   0.0000000 0.33839 0.00000
 0.312   0.0000000 0.33754 0.00000
 0.313   0.0000000 0.33670 0.00000
 0.314   0.0000000 0.33586 0.00000
 0.315   0.0000000 0.33502 0.00000
 0.316   0.0000000 0.33419 0.00000
 0.317   0.0000000 0.33336 0.00000
 0.318   0.0000000 0.33253 0.00000
 0.319   0.0000000 0.33171 0.00000
 0.320   0.0000000 0.33089 0.00000
 0.321   0.0000000 0.33008 0.00000
 0.322   0.0000000 0.32926 0.00000
 0.323   0.0000000 0.32846 0.00000
 0.324   0.0000000 0.32765 0.00000
 0.325   0.0000000 0.32685 0.00000
 0.326   0.0000000 0.32605 0.00000
 0.327   0.0000000 0.32526 0.00000
 0.328   0.0000000 0.32447 0.00000
 0.329   0.0000000 0.32368 0.00000
 0.330   0.0000000 0.32290 0.00000
 0.331   0.0000000 0.32212 0.00000
 0.332   0.0000000 0.32134 0.00000
 0.333   0.0000000 0.32057 0.00000
 0.334   0.0000000 0.31980 0.00000
 0.335   0.0000000 0.31904 0.00000
 0.336   0.0000000 0.31828 0.00000
 0.337   0.0000000 0.31752 0.00000
 0.338   0.0000000 0.31677 0.00000
 0.339   0.0000000 0.31602 0.00000
 0.340   0.0000000 0.31527 0.00000
 0.341   0.0000000 0.31453 0.00000
 0.342   0.0000000 0.31379 0.00000
 0.343   0.0000000 0.31306 0.00000
 0.344   0.0000000 0.31233 0.00000
 0.345   0.0000000 0.31160 0.00000
 0.346   0.0000000 0.31088 0.00000
 0.347   0.0000000 0.31016 0.00000
 0.348   0.0000000 0.30944 0.00000
 0.349   0.0000000 0.30873 0.00000
 0.350   0.0000000 0.30802 0.00000
 0.351   0.0000000 0.30732 0.00000
 0.352   0.0000000 0.30661 0.00000
 0.353   0.0000000 0.30592 0.00000
 0.354   0.0000000 0.30522 0.00000
 0.355   0.0000000 0.30453 0.00000
 0.356   0.0000000 0.30385 0.00000
 0.357   0.0000000 0.30316 0.00000
 0.358   0.0000000 0.30249 0.00000
 0.359   0.0000000 0.30181 0.00000
 0.360   0.0000000 0.30114 0.00000
 0.361   0.0000000 0.30047 0.00000
 0.362   0.0000000 0.29981 0.00000
 0.363   0.0000000 0.29914 0.00000
 0.364   0.0000000 0.29849 0.00000
 0.365   0.0000000 0.29783 0.00000
 0.366   0.0000000 0.29718 0.00000
 0.367   0.0000000 0.29654 0.00000
 0.368   0.0000000 0.29589 0.00000
 0.369   0.0000000 0.29525 0.00000
 0.370   0.0000000 0.29462 0.00000
 0.371   0.0000000 0.29399 0.00000
 0.372   0.0000000 0.29336 0.00000
 0.373   0.0000000 0.29273 0.00000
 0.374   0.0000000 0.29211 0.00000
 0.375   0.0000000 0.29149 0.00000
 0.376   0.0000000 0.29088 0.00000
 0.377   0.0000000 0.29027 0.00000
 0.378   0.0000000 0.28966 0.00000
 0.379   0.0000000 0.28905 0.00000
 0.380   0.0000000 0.28845 0.00000
 0.381   0.0000000 0.28785 0.00000
 0.382   0.0000000 0.28726 0.00000
 0.383   0.0000000 0.28667 0.00000
 0.384   0.0000000 0.28608 0.00000
 0.385   0.0000000 0.28550 0.00000
 0.386   0.0000000 0.28492 0.00000
 0.387   0.0000000 0.28434 0.00000
 0.388   0.0000000 0.28376 0.00000
 0.389   0.0000000 0.28319 0.00000
 0.390   0.0000000 0.28262 0.00000
 0.391   0.0000000 0.28206 0.00000
 0.392   0.0000000 0.28150 0.00000
 0.393   0.0000000 0.28094 0.00000
 0.394   0.0000000 0.28038 0.00000
 0.395   0.0000000 0.27983 0.00000
 0.396   0.0000000 0.27928 0.00000
 0.397   0.0000000 0.27874 0.00000
 0.398   0.0000000 0.27819 0.00000
 0.399   0.0000000 0.27766 0.00000
 0.400   0.0000000 0.27712 0.00000
 0.401   0.0000000 0.27659 0.00000
 0.402   0.0000000 0.27606 0.00000
