 0.003   0.0000000 0.36314 0.00000
 0.004   0.0000000 0.36314 0.00000
 0.005   0.0000000 0.36314 0.00000
 0.006   0.0000000 0.36314 0.00000
 0.007   0.0000000 0.36314 0.00000
 0.008   0.0000000 0.36314 0.00000
 0.009   0.0000000 0.36314 0.00000
 0.010   0.0000000 0.36314 0.00000
 0.011   0.0000000 0.36314 0.00000
 0.012   0.0000000 0.36314 0.00000
 0.013   0.0000000 0.36314 0.00000
 0.014   0.0000000 0.36314 0.00000
 0.015   0.0000000 0.36314 0.00000
 0.016   0.0000000 0.36314 0.00000
 0.017   0.0000000 0.36314 0.00000
 0.018   0.0000000 0.36314 0.00000
 0.019   0.0000000 0.36314 0.00000
 0.020   0.0000000 0.36314 0.00000
 0.021   0.0000000 0.36314 0.00000
 0.022   0.0000000 0.36314 0.00000
 0.023   0.0000000 0.36314 0.00000
 0.024   0.0000000 0.36314 0.00000
 0.025   0.0000000 0.36314 0.00000
 0.026   0.0000000 0.36314 0.00000
 0.027   0.0000000 0.36314 0.00000
 0.028   0.0000000 0.36314 0.00000
 0.029   0.0000000 0.36314 0.00000
 0.030   0.0000000 0.36314 0.00000
 0.031   0.0000000 0.36314 0.00000
 0.032   0.0000000 0.36314 0.00000
 0.033   0.0000000 0.36314 0.00000
 0.034   0.0000000 0.36314 0.00000
 0.035   0.0000000 0.36314 0.00000
 0.036   0.0000000 0.36314 0.00000
 0.037   0.0000000 0.36314 0.00000
 0.038   0.0000000 0.36314 0.00000
 0.039   0.0000000 0.36314 0.00000
 0.040   0.0000000 0.36314 0.00000
 0.041   0.0000000 0.36314 0.00000
 0.042   0.0000000 0.36314 0.00000
 0.043   0.0000000 0.36314 0.00000
 0.044   0.0000000 0.36314 0.00000
 0.045   0.0000000 0.36314 0.00000
 0.046   0.0000000 0.36314 0.00000
 0.047   0.0000000 0.36314 0.00000
 0.048   0.0000000 0.36314 0.00000
 0.049   0.0000000 0.36314 0.00000
 0.050   0.0000000 0.36314 0.00000
 0.051   0.0000000 0.36314 0.00000
 0.052   0.0000000 0.36314 0.00000
 0.053   0.0000000 0.36314 0.00000
 0.054   0.0000000 0.36314 0.00000
 0.055   0.0000000 0.36314 0.00000
 0.056   0.0000000 0.36314 0.00000
 0.057   0.0000000 0.36314 0.00000
 0.058   0.0000000 0.36314 0.00000
 0.059   0.0000000 0.36314 0.00000
 0.060   0.0000000 0.36314 0.00000
 0.061   0.0000000 0.36314 0.00000
 0.062   0.0000000 0.36314 0.00000
 0.063   0.0000000 0.36314 0.00000
 0.064   0.0000000 0.36314 0.00000
 0.065   0.0000000 0.36314 0.00000
 0.066   0.0000000 0.36314 0.00000
 0.067   0.0000000 0.36314 0.00000
 0.068   0.0000000 0.36314 0.00000
 0.069   0.0000000 0.36314 0.00000
 0.070   0.0000000 0.36314 0.00000
 0.071   0.0000000 0.36314 0.00000
 0.072   0.0000000 0.36314 0.00000
 0.073   0.0000000 0.36314 0.00000
 0.074   0.0000000 0.36314 0.00000
 0.075   0.0000000 0.36314 0.00000
 0.076   0.0000000 0.36314 0.00000
 0.077   0.0000000 0.36314 0.00000
 0.078   0.0000000 0.36314 0.00000
 0.079   0.0000000 0.36314 0.00000
 0.080   0.0000000 0.36314 0.00000
 0.081   0.0000000 0.36314 0.00000
 0.082   0.0000000 0.36314 0.00000
 0.083   0.0000000 0.36313 0.00000
 0.084   0.0000000 0.36313 0.00000
 0.085   0.0000000 0.36313 0.00000
 0.086   0.0000000 0.36313 0.00000
 0.087   0.0000000 0.36313 0.00000
 0.088   0.0000000 0.36312 0.00000
 0.089   0.0000000 0.36312 0.00000
 0.090   0.0000000 0.36312 0.00000
 0.091   0.0000000 0.36311 0.00000
 0.092   0.0000000 0.36311 0.00000
 0.093   0.0000000 0.36310 0.00000
 0.094   0.0000000 0.36310 0.00000
 0.095   0.0000000 0.36309 0.00000
 0.096   0.0000000 0.36308 0.00000
 0.097   0.0000000 0.36308 0.00000
 0.098   0.0000000 0.36307 0.00000
 0.099   0.0000000 0.36306 0.00000
 0.100   0.0000000 0.36305 0.00000
 0.101   0.0000000 0.36304 0.00000
 0.102   0.0000000 0.36303 0.00000
 0.103   0.0000000 0.36301 0.00000
 0.104   0.0000000 0.36300 0.00000
 0.105   0.0000000 0.36298 0.00000
 0.106   0.0000000 0.36296 0.00000
 0.107   0.0000000 0.36294 0.00000
 0.108   0.0000000 0.36292 0.00000
 0.109   0.0000000 0.36290 0.00000
 0.110   0.0000000 0.36288 0.00000
 0.111   0.0000000 0.36285 0.00000
 0.112   0.0000000 0.36282 0.00000
 0.113   0.0000000 0.36279 0.00000
 0.114   0.0000000 0.36275 0.00000
 0.115   0.0000000 0.36272 0.00000
 0.116   0.0000000 0.36268 0.00000
 0.117   0.0000000 0.36263 0.00000
 0.118   0.0000000 0.36258 0.00000
 0.119   0.0000000 0.36253 0.00000
 0.120   0.0000000 0.36248 0.00000
 0.121   0.0000000 0.36242 0.00000
 0.122   0.0000000 0.36236 0.00000
 0.123   0.0000000 0.36229 0.00000
 0.124   0.0000000 0.36221 0.00000
 0.125   0.0000000 0.36213 0.00000
 0.126   0.0000000 0.36205 0.00000
 0.127   0.0000000 0.36196 0.00000
 0.128   0.0000000 0.36186 0.00000
 0.129   0.0000000 0.36175 0.00000
 0.130   0.0000000 0.36164 0.00000
 0.131   0.0000000 0.36152 0.00000
 0.132   0.0000000 0.36139 0.00000
 0.133   0.0000000 0.36125 0.00000
 0.134   0.0000000 0.36110 0.00000
 0.135   0.0000000 0.36094 0.00000
 0.136   0.0000000 0.36076 0.00000
 0.137   0.0000000 0.36058 0.00000
 0.138   0.0000000 0.36038 0.00000
 0.139   0.0000000 0.36017 0.00000
 0.140   0.0000000 0.35994 0.00000
 0.141   0.0000000 0.35969 0.00000
 0.142   0.0000000 0.35943 0.00000
 0.143   0.0000000 0.35915 0.00000
 0.144   0.0000000 0.35885 0.00000
 0.145   0.0000000 0.35852 0.00000
 0.146   0.0000000 0.35818 0.00000
 0.147   0.0000000 0.35780 0.00000
 0.148   0.0000000 0.35740 0.00000
 0.149   0.0000000 0.35697 0.00000
 0.150   0.0000000 0.35651 0.00000
 0.151   0.0000000 0.35601 0.00000
 0.152   0.0000000 0.35548 0.00000
 0.153   0.0000000 0.35491 0.00000
 0.154   0.0000000 0.35429 0.00000
 0.155   0.0000000 0.35363 0.00000
 0.156   0.0000000 0.35292 0.00000
 0.157   0.0000000 0.35215 0.00000
 0.158   0.0000000 0.35133 0.00000
 0.159   0.0000000 0.35045 0.00000
 0.160   0.0000000 0.34950 0.00000
 0.161   0.0000000 0.34849 0.00000
 0.162   0.0000000 0.34740 0.00000
 0.163   0.0000000 0.34624 0.00000
 0.164   0.0000000 0.34499 0.00000
 0.165   0.0000000 0.34367 0.00000
 0.166   0.0000000 0.34226 0.00000
 0.167   0.0000000 0.34077 0.00000
 0.168   0.0000000 0.33919 0.00000
 0.169   0.0000000 0.33752 0.00000
 0.170   0.0000000 0.33576 0.00000
 0.171   0.0000000 0.33391 0.00000
 0.172   0.0000000 0.33198 0.00000
 0.173   0.0000000 0.32996 0.00000
 0.174   0.0000000 0.32785 0.00000
 0.175   0.0000000 0.32566 0.00000
 0.176   0.0000000 0.32340 0.00000
 0.177   0.0000000 0.32105 0.00000
 0.178   0.0000000 0.31862 0.00000
 0.179   0.0000000 0.31612 0.00000
 0.180   0.0000000 0.31355 0.00000
 0.181   0.0000000 0.31090 0.00000
 0.182   0.0000000 0.30817 0.00000
 0.183   0.0000000 0.30538 0.00000
 0.184   0.0000000 0.30251 0.00000
 0.185   0.0000000 0.29957 0.00000
 0.186   0.0000000 0.29656 0.00000
 0.187   0.0000000 0.29347 0.00000
 0.188   0.0000000 0.29031 0.00000
 0.189   0.0000000 0.28708 0.00000
 0.190   0.0000000 0.28377 0.00000
 0.191   0.0000000 0.28038 0.00000
 0.192   0.0000000 0.27692 0.00000
 0.193   0.0000000 0.27337 0.00000
 0.194   0.0000000 0.26975 0.00000
 0.195   0.0000000 0.26603 0.00000
 0.196   0.0000000 0.26224 0.00000
 0.197   0.0000000 0.25836 0.00000
 0.198   0.0000000 0.25439 0.00000
 0.199   0.0000000 0.25033 0.00000
 0.200   0.0000000 0.24617 0.00000
 0.201   0.0000000 0.24192 0.00000
 0.202   0.0000000 0.23758 0.00000
 0.203   0.0000000 0.23314 0.00000
 0.204   0.0000000 0.22860 0.00000
 0.205   0.0000000 0.22397 0.00000
 0.206   0.0000000 0.21923 0.00000
 0.207   0.0000000 0.21439 0.00000
 0.208   0.0000000 0.20946 0.00000
 0.209   0.0000000 0.20443 0.00000
 0.210   0.0000000 0.19931 0.00000
 0.211   0.0000000 0.19409 0.00000
 0.212   0.0000000 0.18880 0.00000
 0.213   0.0000000 0.18342 0.00000
 0.214   0.0000000 0.17798 0.00000
 0.215   0.0000000 0.17248 0.00000
 0.216   0.0000000 0.16694 0.00000
 0.217   0.0000000 0.16137 0.00000
 0.218   0.0000000 0.15580 0.00000
 0.219   0.0000000 0.15024 0.00000
 0.220   0.0000000 0.14471 0.00000
 0.221   0.0000000 0.13924 0.00000
 0.222   0.0000000 0.13386 0.00000
 0.223   0.0000000 0.12858 0.00000
 0.224   0.0000000 0.12344 0.00000
 0.225   0.0000000 0.11845 0.00000
 0.226   0.0000000 0.11364 0.00000
 0.227   0.0000000 0.10901 0.00000
 0.228   0.0000000 0.10458 0.00000
 0.229   0.0000000 0.10036 0.00000
 0.230   0.0000000 0.09635 0.00000
 0.231   0.0000000 0.09255 0.00000
 0.232   0.0000000 0.08895 0.00000
 0.233   0.0000000 0.08556 0.00000
 0.234   0.0000000 0.08237 0.00000
 0.235   0.0000000 0.07936 0.00000
 0.236   0.0000000 0.07653 0.00000
 0.237   0.0000000 0.07386 0.00000
 0.238   0.0000000 0.07136 0.00000
 0.239   0.0000000 0.06900 0.00000
 0.240   0.0000000 0.06678 0.00000
 0.241   0.0000000 0.06469 0.00000
 0.242   0.0000000 0.06272 0.00000
 0.243   0.0000000 0.06086 0.00000
 0.244   0.0000000 0.05910 0.00000
 0.245   0.0000000 0.05745 0.00000
 0.246   0.0000000 0.05588 0.00000
 0.247   0.0000000 0.05439 0.00000
 0.248   0.0000000 0.05299 0.00000
 0.249   0.0000000 0.05165 0.00000
 0.250   0.0000000 0.05038 0.00000
 0.251   0.0000000 0.04917 0.00000
 0.252   0.0000000 0.04803 0.00000
 0.253   0.0000000 0.04694 0.00000
 0.254   0.0000000 0.04589 0.00000
 0.255   0.0000000 0.04490 0.00000
 0.256   0.0000000 0.04395 0.00000
 0.257   0.0000000 0.04304 0.00000
 0.258   0.0000000 0.04218 0.00000
 0.259   0.0000000 0.04135 0.00000
 0.260   0.0000000 0.04055 0.00000
 0.261   0.0000000 0.03979 0.00000
 0.262   0.0000000 0.03905 0.00000
 0.263   0.0000000 0.03835 0.00000
 0.264   0.0000000 0.03767 0.00000
 0.265   0.0000000 0.03702 0.00000
 0.266   0.0000000 0.03640 0.00000
 0.267   0.0000000 0.03580 0.00000
 0.268   0.0000000 0.03521 0.00000
 0.269   0.0000000 0.03465 0.00000
 0.270   0.0000000 0.03411 0.00000
 0.271   0.0000000 0.03359 0.00000
 0.272   0.0000000 0.03309 0.00000
 0.273   0.0000000 0.03260 0.00000
 0.274   0.0000000 0.03213 0.00000
 0.275   0.0000000 0.03168 0.00000
 0.276   0.0000000 0.03124 0.00000
 0.277   0.0000000 0.03081 0.00000
 0.278   0.0000000 0.03040 0.00000
 0.279   0.0000000 0.03000 0.00000
 0.280   0.0000000 0.02961 0.00000
 0.281   0.0000000 0.02923 0.00000
 0.282   0.0000000 0.02887 0.00000
 0.283   0.0000000 0.02851 0.00000
 0.284   0.0000000 0.02816 0.00000
 0.285   0.0000000 0.02783 0.00000
 0.286   0.0000000 0.02750 0.00000
 0.287   0.0000000 0.02719 0.00000
 0.288   0.0000000 0.02688 0.00000
 0.289   0.0000000 0.02658 0.00000
 0.290   0.0000000 0.02629 0.00000
 0.291   0.0000000 0.02600 0.00000
 0.292   0.0000000 0.02573 0.00000
 0.293   0.0000000 0.02546 0.00000
 0.294   0.0000000 0.02519 0.00000
 0.295   0.0000000 0.02494 0.00000
 0.296   0.0000000 0.02469 0.00000
 0.297   0.0000000 0.02444 0.00000
 0.298   0.0000000 0.02420 0.00000
 0.299   0.0000000 0.02397 0.00000
 0.300   0.0000000 0.02374 0.00000
 0.301   0.0000000 0.02352 0.00000
 0.302   0.0000000 0.02331 0.00000
 0.303   0.0000000 0.02309 0.00000
 0.304   0.0000000 0.02289 0.00000
 0.305   0.0000000 0.02269 0.00000
 0.306   0.0000000 0.02249 0.00000
 0.307   0.0000000 0.02229 0.00000
 0.308   0.0000000 0.02211 0.00000
 0.309   0.0000000 0.02192 0.00000
 0.310   0.0000000 0.02174 0.00000
 0.311   0.0000000 0.02156 0.00000
 0.312   0.0000000 0.02139 0.00000
 0.313   0.0000000 0.02122 0.00000
 0.314   0.0000000 0.02105 0.00000
 0.315   0.0000000 0.02089 0.00000
 0.316   0.0000000 0.02073 0.00000
 0.317   0.0000000 0.02057 0.00000
 0.318   0.0000000 0.02042 0.00000
 0.319   0.0000000 0.02027 0.00000
 0.320   0.0000000 0.02012 0.00000
 0.321   0.0000000 0.01997 0.00000
 0.322   0.0000000 0.01983 0.00000
 0.323   0.0000000 0.01969 0.00000
 0.324   0.0000000 0.01956 0.00000
 0.325   0.0000000 0.01942 0.00000
 0.326   0.0000000 0.01929 0.00000
 0.327   0.0000000 0.01916 0.00000
 0.328   0.0000000 0.01903 0.00000
 0.329   0.0000000 0.01891 0.00000
 0.330   0.0000000 0.01879 0.00000
 0.331   0.0000000 0.01867 0.00000
 0.332   0.0000000 0.01855 0.00000
 0.333   0.0000000 0.01843 0.00000
 0.334   0.0000000 0.01832 0.00000
 0.335   0.0000000 0.01820 0.00000
 0.336   0.0000000 0.01809 0.00000
 0.337   0.0000000 0.01798 0.00000
 0.338   0.0000000 0.01788 0.00000
 0.339   0.0000000 0.01777 0.00000
 0.340   0.0000000 0.01767 0.00000
 0.341   0.0000000 0.01757 0.00000
 0.342   0.0000000 0.01747 0.00000
 0.343   0.0000000 0.01737 0.00000
 0.344   0.0000000 0.01727 0.00000
 0.345   0.0000000 0.01718 0.00000
 0.346   0.0000000 0.01708 0.00000
 0.347   0.0000000 0.01699 0.00000
 0.348   0.0000000 0.01690 0.00000
 0.349   0.0000000 0.01681 0.00000
 0.350   0.0000000 0.01672 0.00000
 0.351   0.0000000 0.01663 0.00000
 0.352   0.0000000 0.01655 0.00000
 0.353   0.0000000 0.01646 0.00000
 0.354   0.0000000 0.01638 0.00000
 0.355   0.0000000 0.01630 0.00000
 0.356   0.0000000 0.01622 0.00000
 0.357   0.0000000 0.01614 0.00000
 0.358   0.0000000 0.01606 0.00000
 0.359   0.0000000 0.01598 0.00000
 0.360   0.0000000 0.01591 0.00000
 0.361   0.0000000 0.01583 0.00000
 0.362   0.0000000 0.01576 0.00000
 0.363   0.0000000 0.01569 0.00000
 0.364   0.0000000 0.01561 0.00000
 0.365   0.0000000 0.01554 0.00000
 0.366   0.0000000 0.01547 0.00000
 0.367   0.0000000 0.01540 0.00000
 0.368   0.0000000 0.01534 0.00000
 0.369   0.0000000 0.01527 0.00000
 0.370   0.0000000 0.01520 0.00000
 0.371   0.0000000 0.01514 0.00000
 0.372   0.0000000 0.01507 0.00000
 0.373   0.0000000 0.01501 0.00000
 0.374   0.0000000 0.01494 0.00000
 0.375   0.0000000 0.01488 0.00000
 0.376   0.0000000 0.01482 0.00000
 0.377   0.0000000 0.01476 0.00000
 0.378   0.0000000 0.01470 0.00000
 0.379   0.0000000 0.01464 0.00000
 0.380   0.0000000 0.01458 0.00000
 0.381   0.0000000 0.01453 0.00000
 0.382   0.0000000 0.01447 0.00000
 0.383   0.0000000 0.01441 0.00000
 0.384   0.0000000 0.01436 0.00000
 0.385   0.0000000 0.01430 0.00000
 0.386   0.0000000 0.01425 0.00000
 0.387   0.0000000 0.01419 0.00000
 0.388   0.0000000 0.01414 0.00000
 0.389   0.0000000 0.01409 0.00000
 0.390   0.0000000 0.01404 0.00000
 0.391   0.0000000 0.01399 0.00000
 0.392   0.0000000 0.01394 0.00000
 0.393   0.0000000 0.01389 0.00000
 0.394   0.0000000 0.01384 0.00000
 0.395   0.0000000 0.01379 0.00000
 0.396   0.0000000 0.01374 0.00000
 0.397   0.0000000 0.01369 0.00000
 0.398   0.0000000 0.01365 0.00000
 0.399   0.0000000 0.01360 0.00000
 0.400   0.0000000 0.01355 0.00000
 0.401   0.0000000 0.01351 0.00000
 0.402   0.0000000 0.01346 0.00000
