 0.003   0.0000000 0.36314 0.00000 0.00000
 0.004   0.0000000 0.36314 0.00000 0.00000
 0.005   0.0000000 0.36314 0.00000 0.00000
 0.006   0.0000000 0.36314 0.00000 0.00000
 0.007   0.0000000 0.36314 0.00000 0.00000
 0.008   0.0000000 0.36314 0.00000 0.00000
 0.009   0.0000000 0.36314 0.00000 0.00000
 0.010   0.0000000 0.36314 0.00000 0.00000
 0.011   0.0000000 0.36314 0.00000 0.00000
 0.012   0.0000000 0.36314 0.00000 0.00000
 0.013   0.0000000 0.36314 0.00000 0.00000
 0.014   0.0000000 0.36314 0.00000 0.00000
 0.015   0.0000000 0.36314 0.00000 0.00000
 0.016   0.0000000 0.36314 0.00000 0.00000
 0.017   0.0000000 0.36314 0.00000 0.00000
 0.018   0.0000000 0.36314 0.00000 0.00000
 0.019   0.0000000 0.36314 0.00000 0.00000
 0.020   0.0000000 0.36314 0.00000 0.00000
 0.021   0.0000000 0.36314 0.00000 0.00000
 0.022   0.0000000 0.36314 0.00000 0.00000
 0.023   0.0000000 0.36314 0.00000 0.00000
 0.024   0.0000000 0.36314 0.00000 0.00000
 0.025   0.0000000 0.36314 0.00000 0.00000
 0.026   0.0000000 0.36314 0.00000 0.00000
 0.027   0.0000000 0.36314 0.00000 0.00000
 0.028   0.0000000 0.36314 0.00000 0.00000
 0.029   0.0000000 0.36314 0.00000 0.00000
 0.030   0.0000000 0.36314 0.00000 0.00000
 0.031   0.0000000 0.36314 0.00000 0.00000
 0.032   0.0000000 0.36314 0.00000 0.00000
 0.033   0.0000000 0.36314 0.00000 0.00000
 0.034   0.0000000 0.36314 0.00000 0.00000
 0.035   0.0000000 0.36314 0.00000 0.00000
 0.036   0.0000000 0.36314 0.00000 0.00000
 0.037   0.0000000 0.36314 0.00000 0.00000
 0.038   0.0000000 0.36314 0.00000 0.00000
 0.039   0.0000000 0.36314 0.00001 0.00001
 0.040   0.0000000 0.36314 0.00001 0.00001
 0.041   0.0000000 0.36314 0.00001 0.00001
 0.042   0.0000000 0.36314 0.00001 0.00001
 0.043   0.0000000 0.36314 0.00002 0.00002
 0.044   0.0000000 0.36314 0.00002 0.00002
 0.045   0.0000000 0.36314 0.00003 0.00003
 0.046   0.0000000 0.36314 0.00003 0.00003
 0.047   0.0000000 0.36314 0.00004 0.00004
 0.048   0.0000000 0.36314 0.00005 0.00005
 0.049   0.0000000 0.36314 0.00006 0.00006
 0.050   0.0000000 0.36314 0.00007 0.00007
 0.051   0.0000000 0.36314 0.00009 0.00009
 0.052   0.0000000 0.36314 0.00010 0.00010
 0.053   0.0000000 0.36314 0.00012 0.00012
 0.054   0.0000000 0.36314 0.00015 0.00015
 0.055   0.0000000 0.36314 0.00017 0.00017
 0.056   0.0000000 0.36314 0.00020 0.00020
 0.057   0.0000000 0.36314 0.00023 0.00023
 0.058   0.0000000 0.36314 0.00027 0.00027
 0.059   0.0000000 0.36314 0.00031 0.00031
 0.060   0.0000000 0.36314 0.00035 0.00035
 0.061   0.0000000 0.36314 0.00040 0.00040
 0.062   0.0000000 0.36314 0.00045 0.00045
 0.063   0.0000000 0.36314 0.00051 0.00051
 0.064   0.0000000 0.36314 0.00058 0.00058
 0.065   0.0000000 0.36314 0.00065 0.00065
 0.066   0.0000000 0.36314 0.00073 0.00073
 0.067   0.0000000 0.36314 0.00082 0.00082
 0.068   0.0000000 0.36314 0.00092 0.00092
 0.069   0.0000000 0.36314 0.00102 0.00102
 0.070   0.0000000 0.36314 0.00113 0.00113
 0.071   0.0000000 0.36314 0.00125 0.00125
 0.072   0.0000000 0.36314 0.00139 0.00139
 0.073   0.0000000 0.36314 0.00153 0.00153
 0.074   0.0000000 0.36314 0.00168 0.00168
 0.075   0.0000000 0.36314 0.00185 0.00185
 0.076   0.0000000 0.36314 0.00202 0.00202
 0.077   0.0000000 0.36314 0.00221 0.00221
 0.078   0.0000000 0.36314 0.00241 0.00241
 0.079   0.0000000 0.36314 0.00263 0.00263
 0.080   0.0000000 0.36314 0.00286 0.00286
 0.081   0.0000000 0.36314 0.00311 0.00311
 0.082   0.0000000 0.36314 0.00337 0.00337
 0.083   0.0000000 0.36313 0.00364 0.00364
 0.084   0.0000000 0.36313 0.00394 0.00394
 0.085   0.0000000 0.36313 0.00425 0.00425
 0.086   0.0000000 0.36313 0.00458 0.00458
 0.087   0.0000000 0.36313 0.00493 0.00493
 0.088   0.0000000 0.36312 0.00530 0.00530
 0.089   0.0000000 0.36312 0.00569 0.00569
 0.090   0.0000000 0.36312 0.00610 0.00610
 0.091   0.0000000 0.36311 0.00654 0.00654
 0.092   0.0000000 0.36311 0.00699 0.00699
 0.093   0.0000000 0.36310 0.00747 0.00747
 0.094   0.0000000 0.36310 0.00798 0.00798
 0.095   0.0000000 0.36309 0.00851 0.00851
 0.096   0.0000000 0.36308 0.00907 0.00907
 0.097   0.0000000 0.36308 0.00965 0.00965
 0.098   0.0000000 0.36307 0.01026 0.01026
 0.099   0.0000000 0.36306 0.01091 0.01091
 0.100   0.0000000 0.36305 0.01158 0.01158
 0.101   0.0000000 0.36304 0.01228 0.01228
 0.102   0.0000000 0.36303 0.01302 0.01302
 0.103   0.0000000 0.36301 0.01379 0.01379
 0.104   0.0000000 0.36300 0.01459 0.01459
 0.105   0.0000000 0.36298 0.01543 0.01543
 0.106   0.0000000 0.36296 0.01631 0.01631
 0.107   0.0000000 0.36294 0.01723 0.01723
 0.108   0.0000000 0.36292 0.01818 0.01818
 0.109   0.0000000 0.36290 0.01918 0.01918
 0.110   0.0000000 0.36288 0.02022 0.02022
 0.111   0.0000000 0.36285 0.02130 0.02130
 0.112   0.0000000 0.36282 0.02243 0.02243
 0.113   0.0000000 0.36279 0.02361 0.02361
 0.114   0.0000000 0.36275 0.02484 0.02484
 0.115   0.0000000 0.36272 0.02611 0.02611
 0.116   0.0000000 0.36268 0.02745 0.02745
 0.117   0.0000000 0.36263 0.02883 0.02883
 0.118   0.0000000 0.36258 0.03027 0.03027
 0.119   0.0000000 0.36253 0.03178 0.03178
 0.120   0.0000000 0.36248 0.03334 0.03334
 0.121   0.0000000 0.36242 0.03497 0.03497
 0.122   0.0000000 0.36236 0.03667 0.03667
 0.123   0.0000000 0.36229 0.03844 0.03844
 0.124   0.0000000 0.36221 0.04028 0.04028
 0.125   0.0000000 0.36213 0.04219 0.04219
 0.126   0.0000000 0.36205 0.04419 0.04419
 0.127   0.0000000 0.36196 0.04626 0.04626
 0.128   0.0000000 0.36186 0.04843 0.04843
 0.129   0.0000000 0.36175 0.05068 0.05068
 0.130   0.0000000 0.36164 0.05304 0.05304
 0.131   0.0000000 0.36152 0.05549 0.05549
 0.132   0.0000000 0.36139 0.05804 0.05804
 0.133   0.0000000 0.36125 0.06070 0.06070
 0.134   0.0000000 0.36110 0.06348 0.06348
 0.135   0.0000000 0.36094 0.06639 0.06639
 0.136   0.0000000 0.36076 0.06941 0.06941
 0.137   0.0000000 0.36058 0.07257 0.07257
 0.138   0.0000000 0.36038 0.07588 0.07588
 0.139   0.0000000 0.36017 0.07933 0.07933
 0.140   0.0000000 0.35994 0.08294 0.08294
 0.141   0.0000000 0.35969 0.08671 0.08671
 0.142   0.0000000 0.35943 0.09066 0.09066
 0.143   0.0000000 0.35915 0.09480 0.09480
 0.144   0.0000000 0.35885 0.09913 0.09913
 0.145   0.0000000 0.35852 0.10367 0.10367
 0.146   0.0000000 0.35818 0.10843 0.10843
 0.147   0.0000000 0.35780 0.11341 0.11341
 0.148   0.0000000 0.35740 0.11865 0.11865
 0.149   0.0000000 0.35697 0.12414 0.12414
 0.150   0.0000000 0.35651 0.12991 0.12991
 0.151   0.0000000 0.35601 0.13597 0.13597
 0.152   0.0000000 0.35548 0.14233 0.14233
 0.153   0.0000000 0.35491 0.14902 0.14902
 0.154   0.0000000 0.35429 0.15604 0.15604
 0.155   0.0000000 0.35363 0.16342 0.16342
 0.156   0.0000000 0.35292 0.17117 0.17117
 0.157   0.0000000 0.35215 0.17930 0.17930
 0.158   0.0000000 0.35133 0.18784 0.18784
 0.159   0.0000000 0.35045 0.19678 0.19678
 0.160   0.0000000 0.34950 0.20615 0.20615
 0.161   0.0000000 0.34849 0.21593 0.21593
 0.162   0.0000000 0.34740 0.22615 0.22615
 0.163   0.0000000 0.34624 0.23678 0.23678
 0.164   0.0000000 0.34499 0.24783 0.24783
 0.165   0.0000000 0.34367 0.25926 0.25926
 0.166   0.0000000 0.34226 0.27107 0.27107
 0.167   0.0000000 0.34077 0.28322 0.28322
 0.168   0.0000000 0.33919 0.29568 0.29568
 0.169   0.0000000 0.33752 0.30839 0.30839
 0.170   0.0000000 0.33576 0.32133 0.32133
 0.171   0.0000000 0.33391 0.33443 0.33443
 0.172   0.0000000 0.33198 0.34765 0.34765
 0.173   0.0000000 0.32996 0.36093 0.36093
 0.174   0.0000000 0.32785 0.37423 0.37423
 0.175   0.0000000 0.32566 0.38750 0.38750
 0.176   0.0000000 0.32340 0.40069 0.40069
 0.177   0.0000000 0.32105 0.41378 0.41378
 0.178   0.0000000 0.31862 0.42672 0.42672
 0.179   0.0000000 0.31612 0.43948 0.43948
 0.180   0.0000000 0.31355 0.45204 0.45204
 0.181   0.0000000 0.31090 0.46439 0.46439
 0.182   0.0000000 0.30817 0.47650 0.47650
 0.183   0.0000000 0.30538 0.48836 0.48836
 0.184   0.0000000 0.30251 0.49996 0.49996
 0.185   0.0000000 0.29957 0.51131 0.51131
 0.186   0.0000000 0.29656 0.52239 0.52239
 0.187   0.0000000 0.29347 0.53320 0.53320
 0.188   0.0000000 0.29031 0.54375 0.54375
 0.189   0.0000000 0.28708 0.55404 0.55404
 0.190   0.0000000 0.28377 0.56406 0.56406
 0.191   0.0000000 0.28038 0.57383 0.57383
 0.192   0.0000000 0.27692 0.58335 0.58335
 0.193   0.0000000 0.27337 0.59262 0.59262
 0.194   0.0000000 0.26975 0.60165 0.60165
 0.195   0.0000000 0.26603 0.61044 0.61044
 0.196   0.0000000 0.26224 0.61901 0.61901
 0.197   0.0000000 0.25836 0.62735 0.62735
 0.198   0.0000000 0.25439 0.63547 0.63547
 0.199   0.0000000 0.25033 0.64337 0.64337
 0.200   0.0000000 0.24617 0.65108 0.65108
 0.201   0.0000000 0.24192 0.65858 0.65858
 0.202   0.0000000 0.23758 0.66588 0.66588
 0.203   0.0000000 0.23314 0.67299 0.67299
 0.204   0.0000000 0.22860 0.67992 0.67992
 0.205   0.0000000 0.22397 0.68666 0.68666
 0.206   0.0000000 0.21923 0.69323 0.69323
 0.207   0.0000000 0.21439 0.69963 0.69963
 0.208   0.0000000 0.20946 0.70585 0.70585
 0.209   0.0000000 0.20443 0.71191 0.71191
 0.210   0.0000000 0.19931 0.71781 0.71781
 0.211   0.0000000 0.19409 0.72355 0.72355
 0.212   0.0000000 0.18880 0.72913 0.72913
 0.213   0.0000000 0.18342 0.73455 0.73455
 0.214   0.0000000 0.17798 0.73982 0.73982
 0.215   0.0000000 0.17248 0.74495 0.74495
 0.216   0.0000000 0.16694 0.74992 0.74992
 0.217   0.0000000 0.16137 0.75474 0.75474
 0.218   0.0000000 0.15580 0.75942 0.75942
 0.219   0.0000000 0.15024 0.76396 0.76396
 0.220   0.0000000 0.14471 0.76835 0.76835
 0.221   0.0000000 0.13924 0.77260 0.77260
 0.222   0.0000000 0.13386 0.77672 0.77672
 0.223   0.0000000 0.12858 0.78070 0.78070
 0.224   0.0000000 0.12344 0.78454 0.78454
 0.225   0.0000000 0.11845 0.78826 0.78826
 0.226   0.0000000 0.11364 0.79186 0.79186
 0.227   0.0000000 0.10901 0.79534 0.79534
 0.228   0.0000000 0.10458 0.79871 0.79871
 0.229   0.0000000 0.10036 0.80197 0.80197
 0.230   0.0000000 0.09635 0.80512 0.80512
 0.231   0.0000000 0.09255 0.80818 0.80818
 0.232   0.0000000 0.08895 0.81115 0.81115
 0.233   0.0000000 0.08556 0.81403 0.81403
 0.234   0.0000000 0.08237 0.81683 0.81683
 0.235   0.0000000 0.07936 0.81955 0.81955
 0.236   0.0000000 0.07653 0.82219 0.82219
 0.237   0.0000000 0.07386 0.82477 0.82477
 0.238   0.0000000 0.07136 0.82728 0.82728
 0.239   0.0000000 0.06900 0.82972 0.82972
 0.240   0.0000000 0.06678 0.83211 0.83211
 0.241   0.0000000 0.06469 0.83444 0.83444
 0.242   0.0000000 0.06272 0.83671 0.83671
 0.243   0.0000000 0.06086 0.83893 0.83893
 0.244   0.0000000 0.05910 0.84111 0.84111
 0.245   0.0000000 0.05745 0.84323 0.84323
 0.246   0.0000000 0.05588 0.84530 0.84530
 0.247   0.0000000 0.05439 0.84733 0.84733
 0.248   0.0000000 0.05299 0.84932 0.84932
 0.249   0.0000000 0.05165 0.85126 0.85126
 0.250   0.0000000 0.05038 0.85317 0.85317
 0.251   0.0000000 0.04917 0.85503 0.85503
 0.252   0.0000000 0.04803 0.85686 0.85686
 0.253   0.0000000 0.04694 0.85864 0.85864
 0.254   0.0000000 0.04589 0.86040 0.86040
 0.255   0.0000000 0.04490 0.86211 0.86211
 0.256   0.0000000 0.04395 0.86380 0.86380
 0.257   0.0000000 0.04304 0.86545 0.86545
 0.258   0.0000000 0.04218 0.86706 0.86706
 0.259   0.0000000 0.04135 0.86865 0.86865
 0.260   0.0000000 0.04055 0.87020 0.87020
 0.261   0.0000000 0.03979 0.87173 0.87173
 0.262   0.0000000 0.03905 0.87323 0.87323
 0.263   0.0000000 0.03835 0.87469 0.87469
 0.264   0.0000000 0.03767 0.87613 0.87613
 0.265   0.0000000 0.03702 0.87755 0.87755
 0.266   0.0000000 0.03640 0.87893 0.87893
 0.267   0.0000000 0.03580 0.88029 0.88029
 0.268   0.0000000 0.03521 0.88163 0.88163
 0.269   0.0000000 0.03465 0.88294 0.88294
 0.270   0.0000000 0.03411 0.88423 0.88423
 0.271   0.0000000 0.03359 0.88549 0.88549
 0.272   0.0000000 0.03309 0.88673 0.88673
 0.273   0.0000000 0.03260 0.88795 0.88795
 0.274   0.0000000 0.03213 0.88915 0.88915
 0.275   0.0000000 0.03168 0.89032 0.89032
 0.276   0.0000000 0.03124 0.89147 0.89147
 0.277   0.0000000 0.03081 0.89261 0.89261
 0.278   0.0000000 0.03040 0.89372 0.89372
 0.279   0.0000000 0.03000 0.89481 0.89481
 0.280   0.0000000 0.02961 0.89589 0.89589
 0.281   0.0000000 0.02923 0.89694 0.89694
 0.282   0.0000000 0.02887 0.89798 0.89798
 0.283   0.0000000 0.02851 0.89900 0.89900
 0.284   0.0000000 0.02816 0.90000 0.90000
 0.285   0.0000000 0.02783 0.90098 0.90098
 0.286   0.0000000 0.02750 0.90195 0.90195
 0.287   0.0000000 0.02719 0.90290 0.90290
 0.288   0.0000000 0.02688 0.90383 0.90383
 0.289   0.0000000 0.02658 0.90475 0.90475
 0.290   0.0000000 0.02629 0.90565 0.90565
 0.291   0.0000000 0.02600 0.90654 0.90654
 0.292   0.0000000 0.02573 0.90741 0.90741
 0.293   0.0000000 0.02546 0.90827 0.90827
 0.294   0.0000000 0.02519 0.90911 0.90911
 0.295   0.0000000 0.02494 0.90994 0.90994
 0.296   0.0000000 0.02469 0.91076 0.91076
 0.297   0.0000000 0.02444 0.91156 0.91156
 0.298   0.0000000 0.02420 0.91235 0.91235
 0.299   0.0000000 0.02397 0.91312 0.91312
 0.300   0.0000000 0.02374 0.91388 0.91389
 0.301   0.0000000 0.02352 0.91463 0.91464
 0.302   0.0000000 0.02331 0.91537 0.91537
 0.303   0.0000000 0.02309 0.91610 0.91610
 0.304   0.0000000 0.02289 0.91681 0.91681
 0.305   0.0000000 0.02269 0.91751 0.91752
 0.306   0.0000000 0.02249 0.91821 0.91821
 0.307   0.0000000 0.02229 0.91889 0.91889
 0.308   0.0000000 0.02211 0.91956 0.91956
 0.309   0.0000000 0.02192 0.92021 0.92022
 0.310   0.0000000 0.02174 0.92086 0.92086
 0.311   0.0000000 0.02156 0.92150 0.92150
 0.312   0.0000000 0.02139 0.92213 0.92213
 0.313   0.0000000 0.02122 0.92275 0.92275
 0.314   0.0000000 0.02105 0.92336 0.92336
 0.315   0.0000000 0.02089 0.92395 0.92396
 0.316   0.0000000 0.02073 0.92454 0.92454
 0.317   0.0000000 0.02057 0.92512 0.92513
 0.318   0.0000000 0.02042 0.92570 0.92570
 0.319   0.0000000 0.02027 0.92626 0.92626
 0.320   0.0000000 0.02012 0.92681 0.92681
 0.321   0.0000000 0.01997 0.92736 0.92736
 0.322   0.0000000 0.01983 0.92790 0.92790
 0.323   0.0000000 0.01969 0.92842 0.92842
 0.324   0.0000000 0.01956 0.92895 0.92895
 0.325   0.0000000 0.01942 0.92946 0.92946
 0.326   0.0000000 0.01929 0.92996 0.92996
 0.327   0.0000000 0.01916 0.93046 0.93046
 0.328   0.0000000 0.01903 0.93095 0.93095
 0.329   0.0000000 0.01891 0.93143 0.93143
 0.330   0.0000000 0.01879 0.93191 0.93191
 0.331   0.0000000 0.01867 0.93238 0.93238
 0.332   0.0000000 0.01855 0.93284 0.93284
 0.333   0.0000000 0.01843 0.93330 0.93329
 0.334   0.0000000 0.01832 0.93374 0.93374
 0.335   0.0000000 0.01820 0.93418 0.93418
 0.336   0.0000000 0.01809 0.93462 0.93462
 0.337   0.0000000 0.01798 0.93505 0.93505
 0.338   0.0000000 0.01788 0.93547 0.93547
 0.339   0.0000000 0.01777 0.93589 0.93589
 0.340   0.0000000 0.01767 0.93630 0.93630
 0.341   0.0000000 0.01757 0.93670 0.93670
 0.342   0.0000000 0.01747 0.93710 0.93710
 0.343   0.0000000 0.01737 0.93750 0.93749
 0.344   0.0000000 0.01727 0.93788 0.93788
 0.345   0.0000000 0.01718 0.93827 0.93826
 0.346   0.0000000 0.01708 0.93864 0.93864
 0.347   0.0000000 0.01699 0.93901 0.93901
 0.348   0.0000000 0.01690 0.93938 0.93938
 0.349   0.0000000 0.01681 0.93974 0.93974
 0.350   0.0000000 0.01672 0.94010 0.94010
 0.351   0.0000000 0.01663 0.94045 0.94045
 0.352   0.0000000 0.01655 0.94079 0.94079
 0.353   0.0000000 0.01646 0.94114 0.94113
 0.354   0.0000000 0.01638 0.94147 0.94147
 0.355   0.0000000 0.01630 0.94180 0.94180
 0.356   0.0000000 0.01622 0.94213 0.94213
 0.357   0.0000000 0.01614 0.94246 0.94245
 0.358   0.0000000 0.01606 0.94277 0.94277
 0.359   0.0000000 0.01598 0.94309 0.94309
 0.360   0.0000000 0.01591 0.94340 0.94340
 0.361   0.0000000 0.01583 0.94371 0.94370
 0.362   0.0000000 0.01576 0.94401 0.94401
 0.363   0.0000000 0.01569 0.94431 0.94430
 0.364   0.0000000 0.01561 0.94460 0.94460
 0.365   0.0000000 0.01554 0.94489 0.94489
 0.366   0.0000000 0.01547 0.94518 0.94517
 0.367   0.0000000 0.01540 0.94546 0.94546
 0.368   0.0000000 0.01534 0.94574 0.94574
 0.369   0.0000000 0.01527 0.94601 0.94601
 0.370   0.0000000 0.01520 0.94628 0.94628
 0.371   0.0000000 0.01514 0.94655 0.94655
 0.372   0.0000000 0.01507 0.94682 0.94682
 0.373   0.0000000 0.01501 0.94708 0.94708
 0.374   0.0000000 0.01494 0.94734 0.94733
 0.375   0.0000000 0.01488 0.94759 0.94759
 0.376   0.0000000 0.01482 0.94784 0.94784
 0.377   0.0000000 0.01476 0.94809 0.94809
 0.378   0.0000000 0.01470 0.94834 0.94833
 0.379   0.0000000 0.01464 0.94858 0.94858
 0.380   0.0000000 0.01458 0.94882 0.94882
 0.381   0.0000000 0.01453 0.94905 0.94905
 0.382   0.0000000 0.01447 0.94929 0.94928
 0.383   0.0000000 0.01441 0.94952 0.94952
 0.384   0.0000000 0.01436 0.94974 0.94974
 0.385   0.0000000 0.01430 0.94997 0.94997
 0.386   0.0000000 0.01425 0.95019 0.95019
 0.387   0.0000000 0.01419 0.95041 0.95041
 0.388   0.0000000 0.01414 0.95063 0.95062
 0.389   0.0000000 0.01409 0.95084 0.95084
 0.390   0.0000000 0.01404 0.95105 0.95105
 0.391   0.0000000 0.01399 0.95126 0.95126
 0.392   0.0000000 0.01394 0.95147 0.95147
 0.393   0.0000000 0.01389 0.95167 0.95167
 0.394   0.0000000 0.01384 0.95187 0.95187
 0.395   0.0000000 0.01379 0.95207 0.95207
 0.396   0.0000000 0.01374 0.95227 0.95227
 0.397   0.0000000 0.01369 0.95246 0.95246
 0.398   0.0000000 0.01365 0.95266 0.95265
 0.399   0.0000000 0.01360 0.95285 0.95284
 0.400   0.0000000 0.01355 0.95303 0.95303
 0.401   0.0000000 0.01351 0.95322 0.95322
 0.402   0.0000000 0.01346 0.95340 0.95340
