0.000000000000000000e+00    1.829999999999999960e-01
1.000000000000000021e-02    1.849999999999999978e-01
2.999999999999999889e-02    1.880000000000000004e-01
5.000000000000000278e-02    1.900000000000000022e-01
7.000000000000000666e-02    1.910000000000000031e-01
8.999999999999999667e-02    1.920000000000000040e-01
1.100000000000000006e-01    1.920000000000000040e-01
1.300000000000000044e-01    1.910000000000000031e-01
1.499999999999999944e-01    1.900000000000000022e-01
1.700000000000000122e-01    1.869999999999999996e-01
1.900000000000000022e-01    1.829999999999999960e-01
2.099999999999999922e-01    1.779999999999999916e-01
2.300000000000000100e-01    1.719999999999999862e-01
2.500000000000000000e-01    1.640000000000000069e-01
2.600000000000000089e-01    1.600000000000000033e-01
2.700000000000000178e-01    1.559999999999999998e-01
2.800000000000000266e-01    1.499999999999999944e-01
2.899999999999999800e-01    1.439999999999999891e-01
2.999999999999999889e-01    1.370000000000000107e-01
3.099999999999999978e-01    1.290000000000000036e-01
3.200000000000000067e-01    1.189999999999999947e-01
3.300000000000000155e-01    1.069999999999999979e-01
3.400000000000000244e-01    9.299999999999999933e-02
3.499999999999999778e-01    8.000000000000000167e-02
