0.000000000000000000e+00    1.970000000000000084e-01
1.000000000000000021e-02    1.980000000000000093e-01
2.999999999999999889e-02    1.990000000000000102e-01
5.000000000000000278e-02    2.000000000000000111e-01
7.000000000000000666e-02    2.010000000000000120e-01
8.999999999999999667e-02    2.010000000000000120e-01
1.100000000000000006e-01    2.000000000000000111e-01
1.300000000000000044e-01    1.980000000000000093e-01
1.499999999999999944e-01    1.950000000000000067e-01
1.700000000000000122e-01    1.920000000000000040e-01
1.900000000000000022e-01    1.869999999999999996e-01
2.099999999999999922e-01    1.819999999999999951e-01
2.300000000000000100e-01    1.749999999999999889e-01
2.500000000000000000e-01    1.670000000000000095e-01
2.600000000000000089e-01    1.640000000000000069e-01
2.700000000000000178e-01    1.590000000000000024e-01
2.800000000000000266e-01    1.539999999999999980e-01
2.899999999999999800e-01    1.479999999999999927e-01
2.999999999999999889e-01    1.419999999999999873e-01
3.099999999999999978e-01    1.350000000000000089e-01
3.200000000000000067e-01    1.260000000000000009e-01
3.300000000000000155e-01    1.150000000000000050e-01
3.400000000000000244e-01    1.019999999999999934e-01
3.499999999999999778e-01    8.300000000000000433e-02
