0.000000000000000000e+00    2.389999999999999902e-01
1.000000000000000021e-02    2.399999999999999911e-01
2.999999999999999889e-02    2.429999999999999938e-01
5.000000000000000278e-02    2.449999999999999956e-01
7.000000000000000666e-02    2.479999999999999982e-01
8.999999999999999667e-02    2.500000000000000000e-01
1.100000000000000006e-01    2.520000000000000018e-01
1.300000000000000044e-01    2.550000000000000044e-01
1.499999999999999944e-01    2.570000000000000062e-01
1.700000000000000122e-01    2.600000000000000089e-01
1.900000000000000022e-01    2.630000000000000115e-01
2.099999999999999922e-01    2.650000000000000133e-01
2.300000000000000100e-01    2.680000000000000160e-01
2.500000000000000000e-01    2.700000000000000178e-01
2.600000000000000089e-01    2.720000000000000195e-01
2.700000000000000178e-01    2.730000000000000204e-01
2.800000000000000266e-01    2.740000000000000213e-01
2.899999999999999800e-01    2.750000000000000222e-01
2.999999999999999889e-01    2.770000000000000240e-01
3.099999999999999978e-01    2.780000000000000249e-01
3.200000000000000067e-01    2.790000000000000258e-01
3.300000000000000155e-01    2.800000000000000266e-01
3.400000000000000244e-01    2.819999999999999729e-01
3.499999999999999778e-01    2.829999999999999738e-01
